1000
0.11649918556213379
0.08485293388366699
0.08379840850830078
0.12429046630859375
0.08238077163696289
0.1258833408355713
0.11611175537109375
0.11578893661499023
0.1386115550994873
0.09052467346191406
0.10922980308532715
0.08455133438110352
0.08513188362121582
0.11465120315551758
0.13419246673583984
0.11724424362182617
0.10936951637268066
0.08477163314819336
0.08540558815002441
0.1127631664276123
0.08307743072509766
0.6335456371307373
0.1488034725189209
0.08542513847351074
0.07773828506469727
0.1236879825592041
0.08463263511657715
0.09271430969238281
0.08390927314758301
0.08469057083129883
0.17516207695007324
0.10950469970703125
0.09601593017578125
0.09134030342102051
0.09320235252380371
0.08325624465942383
0.10990071296691895
0.0838017463684082
0.0932157039642334
0.10891222953796387
0.08481907844543457
0.09067606925964355
0.11042118072509766
0.09193968772888184
0.07556438446044922
0.07616806030273438
0.10956645011901855
0.09345793724060059
0.08452630043029785
0.08412909507751465
0.10987234115600586
0.0928034782409668
0.09245109558105469
0.07594490051269531
0.07608389854431152
0.0928196907043457
0.08605718612670898
0.09828495979309082
0.09241056442260742
0.09236001968383789
0.08408689498901367
0.08420467376708984
0.11646246910095215
0.09229874610900879
0.07634806632995605
0.07585382461547852
0.07571530342102051
0.08428502082824707
0.08471298217773438
0.09284114837646484
0.1643364429473877
0.06746482849121094
0.10919570922851562
0.06620669364929199
0.06748843193054199
0.06740450859069824
0.08438897132873535
0.08495855331420898
0.0843510627746582
0.08161234855651855
0.1049642562866211
0.13062572479248047
0.1343846321105957
0.13242316246032715
0.12605786323547363
0.109222412109375
0.08369159698486328
0.14245057106018066
0.08508181571960449
0.12662434577941895
0.08429265022277832
0.0839688777923584
0.08507776260375977
0.09221792221069336
0.09371066093444824
0.08535337448120117
0.09208130836486816
0.10941267013549805
0.09315991401672363
0.08423829078674316
10000
0.08872008323669434
0.11090469360351562
0.08172249794006348
0.08083152770996094
0.08955788612365723
0.09203314781188965
0.09397292137145996
0.08614277839660645
0.10437250137329102
0.3121337890625
0.127410888671875
0.09363818168640137
0.25022387504577637
0.08921980857849121
0.1266920566558838
0.13614201545715332
0.08655118942260742
0.1131136417388916
0.12413406372070312
0.11556553840637207
0.09293270111083984
0.10491609573364258
0.08574485778808594
0.12199735641479492
0.13601970672607422
0.15846610069274902
0.0841217041015625
0.09941625595092773
0.11543869972229004
0.16111087799072266
0.08470392227172852
0.09371185302734375
0.08603787422180176
0.09011578559875488
0.11632370948791504
0.16017389297485352
0.5209436416625977
0.09400796890258789
0.11851024627685547
0.10918116569519043
0.11857891082763672
0.10818862915039062
0.08593511581420898
0.11668968200683594
0.11847949028015137
0.13604331016540527
0.13468217849731445
0.11906623840332031
0.11794900894165039
0.12789535522460938
0.12995696067810059
0.12636566162109375
0.11093664169311523
0.09027743339538574
0.1384134292602539
0.13956904411315918
0.1673445701599121
0.13545441627502441
0.08798480033874512
0.11022233963012695
0.09634947776794434
0.08659648895263672
0.09665608406066895
0.12850737571716309
0.13536548614501953
0.08515667915344238
0.08611297607421875
0.07654404640197754
0.09501004219055176
0.08652949333190918
0.08644485473632812
0.08963918685913086
0.08665704727172852
0.0863199234008789
0.08640122413635254
0.09070873260498047
0.10328054428100586
0.13643622398376465
0.07913756370544434
0.08375692367553711
0.08531451225280762
0.07894253730773926
0.08703851699829102
0.09270071983337402
0.11032938957214355
0.14420342445373535
0.08976578712463379
0.1496586799621582
0.12424850463867188
0.12474966049194336
0.15241456031799316
0.12723827362060547
0.13263249397277832
0.07637596130371094
0.09241223335266113
0.0848689079284668
0.10657954216003418
0.1206216812133789
0.09310531616210938
0.08061408996582031
100000
0.11214518547058105
0.09592723846435547
0.12955212593078613
0.10443353652954102
0.11215019226074219
0.09497785568237305
0.10370492935180664
0.12018513679504395
0.1456151008605957
0.09469795227050781
0.09478139877319336
0.09615421295166016
0.09612822532653809
0.0958399772644043
0.12126803398132324
0.12836194038391113
0.09583854675292969
0.1289522647857666
0.1374650001525879
0.10314393043518066
0.08798766136169434
0.1291513442993164
0.10424661636352539
0.09523916244506836
0.08664464950561523
0.12044310569763184
0.09548211097717285
0.12059760093688965
0.09500360488891602
0.08649516105651855
0.09556198120117188
0.08745718002319336
0.13796544075012207
0.09530353546142578
0.08731937408447266
0.08668255805969238
0.08692240715026855
0.09505748748779297
0.10345292091369629
0.11162042617797852
0.09431099891662598
0.07885909080505371
0.08770227432250977
0.10411953926086426
0.10381889343261719
0.13734793663024902
0.0954899787902832
0.09531259536743164
0.0782320499420166
0.10339689254760742
0.07843685150146484
0.09564495086669922
0.07985329627990723
0.09554719924926758
0.1032724380493164
0.08670926094055176
0.10416030883789062
0.09534025192260742
0.09515261650085449
0.08682727813720703
0.11157011985778809
0.0877690315246582
0.07922172546386719
0.09568428993225098
0.12044835090637207
0.0945289134979248
0.08699512481689453
0.10362958908081055
0.10382676124572754
0.1117401123046875
0.1117250919342041
0.08720231056213379
0.08752202987670898
0.09590315818786621
0.09542059898376465
0.09438371658325195
0.08724784851074219
0.11222124099731445
0.10358977317810059
0.12863683700561523
0.08629059791564941
0.09549260139465332
0.08753633499145508
0.09562921524047852
0.09508991241455078
0.09544754028320312
0.10381722450256348
0.09592771530151367
0.08731341361999512
0.09553074836730957
0.0872805118560791
0.08736133575439453
0.08763504028320312
0.09549260139465332
0.1375882625579834
0.09569072723388672
0.0957484245300293
0.07902073860168457
0.08684849739074707
0.1121828556060791
