1000
5.793571472167969e-05
4.863739013671875e-05
4.744529724121094e-05
4.5299530029296875e-05
4.863739013671875e-05
4.6253204345703125e-05
4.553794860839844e-05
4.792213439941406e-05
4.7206878662109375e-05
4.57763671875e-05
4.267692565917969e-05
5.269050598144531e-05
4.601478576660156e-05
4.9591064453125e-05
4.482269287109375e-05
4.649162292480469e-05
4.7206878662109375e-05
4.696846008300781e-05
4.649162292480469e-05
5.1975250244140625e-05
4.7206878662109375e-05
4.673004150390625e-05
4.76837158203125e-05
4.2438507080078125e-05
4.7206878662109375e-05
4.1961669921875e-05
4.4345855712890625e-05
4.76837158203125e-05
4.76837158203125e-05
4.673004150390625e-05
4.315376281738281e-05
4.744529724121094e-05
4.649162292480469e-05
4.458427429199219e-05
4.982948303222656e-05
4.696846008300781e-05
4.839897155761719e-05
4.315376281738281e-05
5.0067901611328125e-05
4.76837158203125e-05
4.76837158203125e-05
4.553794860839844e-05
4.6253204345703125e-05
4.5299530029296875e-05
4.553794860839844e-05
4.696846008300781e-05
4.601478576660156e-05
4.100799560546875e-05
4.410743713378906e-05
4.839897155761719e-05
4.458427429199219e-05
4.4345855712890625e-05
4.673004150390625e-05
4.57763671875e-05
4.1484832763671875e-05
4.601478576660156e-05
4.506111145019531e-05
4.4345855712890625e-05
4.315376281738281e-05
4.220008850097656e-05
4.2438507080078125e-05
4.2438507080078125e-05
4.220008850097656e-05
4.649162292480469e-05
4.38690185546875e-05
4.506111145019531e-05
0.00011014938354492188
4.124641418457031e-05
4.673004150390625e-05
4.57763671875e-05
4.649162292480469e-05
4.482269287109375e-05
4.601478576660156e-05
4.57763671875e-05
4.172325134277344e-05
4.673004150390625e-05
4.5299530029296875e-05
4.5299530029296875e-05
4.57763671875e-05
4.458427429199219e-05
4.57763671875e-05
4.982948303222656e-05
4.291534423828125e-05
4.601478576660156e-05
4.3392181396484375e-05
4.863739013671875e-05
4.506111145019531e-05
4.5299530029296875e-05
4.1961669921875e-05
4.601478576660156e-05
4.220008850097656e-05
4.5299530029296875e-05
4.2438507080078125e-05
4.649162292480469e-05
6.914138793945312e-05
4.553794860839844e-05
9.918212890625e-05
9.441375732421875e-05
4.410743713378906e-05
5.698204040527344e-05
10000
0.0004658699035644531
0.0004305839538574219
0.00041961669921875
0.00038814544677734375
0.00043129920959472656
0.0005762577056884766
0.00046944618225097656
0.00039887428283691406
0.00043201446533203125
0.00040078163146972656
0.00039839744567871094
0.00037479400634765625
0.0004222393035888672
0.00042700767517089844
0.0003802776336669922
0.0004200935363769531
0.0004146099090576172
0.0003809928894042969
0.00044536590576171875
0.00041604042053222656
0.00041961669921875
0.00039887428283691406
0.0004203319549560547
0.0003857612609863281
0.00041294097900390625
0.00041794776916503906
0.0003952980041503906
0.00044083595275878906
0.0005528926849365234
0.0004341602325439453
0.00042891502380371094
0.00039267539978027344
0.0003814697265625
0.0003952980041503906
0.0003781318664550781
0.0003974437713623047
0.0003864765167236328
0.0003848075866699219
0.00043201446533203125
0.00039267539978027344
0.0005450248718261719
0.0004916191101074219
0.0005400180816650391
0.000579833984375
0.0004241466522216797
0.0004818439483642578
0.00048470497131347656
0.0005025863647460938
0.0004031658172607422
0.00041294097900390625
0.0004200935363769531
0.00040078163146972656
0.000396728515625
0.00040650367736816406
0.00039124488830566406
0.0004322528839111328
0.000431060791015625
0.0004076957702636719
0.00039267539978027344
0.0003838539123535156
0.00044345855712890625
0.0003960132598876953
0.00038361549377441406
0.0004432201385498047
0.0004372596740722656
0.0004169940948486328
0.0003821849822998047
0.0004096031188964844
0.0004439353942871094
0.0004391670227050781
0.00041103363037109375
0.0004096031188964844
0.00044846534729003906
0.00040149688720703125
0.00042629241943359375
0.0004391670227050781
0.00042700767517089844
0.00041985511779785156
0.00043010711669921875
0.0003838539123535156
0.0004222393035888672
0.0004341602325439453
0.0004124641418457031
0.00043511390686035156
0.0004146099090576172
0.00044274330139160156
0.0004208087921142578
0.0004343986511230469
0.0005915164947509766
0.00043654441833496094
0.0004277229309082031
0.0004405975341796875
0.00042748451232910156
0.00045561790466308594
0.0007612705230712891
0.0004382133483886719
0.0004210472106933594
0.00046753883361816406
0.0005660057067871094
0.00043845176696777344
100000
0.013720273971557617
0.012128114700317383
0.012329339981079102
0.012410640716552734
0.012063741683959961
0.012630701065063477
0.012066841125488281
0.01190042495727539
0.011907815933227539
0.012550115585327148
0.012137651443481445
0.01258230209350586
0.011876106262207031
0.012434959411621094
0.012282371520996094
0.011780977249145508
0.012009382247924805
0.012376785278320312
0.01504206657409668
0.012250423431396484
0.011905908584594727
0.012330055236816406
0.012530326843261719
0.012340307235717773
0.011824846267700195
0.012290239334106445
0.011962413787841797
0.012258529663085938
0.0120697021484375
0.01249384880065918
0.012060165405273438
0.012621879577636719
0.011995077133178711
0.012357950210571289
0.012030363082885742
0.012256860733032227
0.011645793914794922
0.012347698211669922
0.012212753295898438
0.012285470962524414
0.01189565658569336
0.01230168342590332
0.012069225311279297
0.012077093124389648
0.012012958526611328
0.011896133422851562
0.012214899063110352
0.012297868728637695
0.012092828750610352
0.011973857879638672
0.012250423431396484
0.012561559677124023
0.011870145797729492
0.01250457763671875
0.011926889419555664
0.012091636657714844
0.012603998184204102
0.011782169342041016
0.011955976486206055
0.011950969696044922
0.01188039779663086
0.012097358703613281
0.012294769287109375
0.012013673782348633
0.012032270431518555
0.012108087539672852
0.012332439422607422
0.011844396591186523
0.012255668640136719
0.012104988098144531
0.01355600357055664
0.012090206146240234
0.012343883514404297
0.01241755485534668
0.012620925903320312
0.012108087539672852
0.011806964874267578
0.012237310409545898
0.01232457160949707
0.012229442596435547
0.01219320297241211
0.01211237907409668
0.012217521667480469
0.011947393417358398
0.012076377868652344
0.011976003646850586
0.011931896209716797
0.012374401092529297
0.01224827766418457
0.01225423812866211
0.012813806533813477
0.012472152709960938
0.011785268783569336
0.012267112731933594
0.01205301284790039
0.012009620666503906
0.012204885482788086
0.012592077255249023
0.01165318489074707
0.012074947357177734
