1000
0.0006802082061767578
2.574920654296875e-05
1.52587890625e-05
1.33514404296875e-05
1.2874603271484375e-05
1.2636184692382812e-05
1.2874603271484375e-05
1.2636184692382812e-05
1.239776611328125e-05
1.5735626220703125e-05
1.2636184692382812e-05
1.2636184692382812e-05
1.2636184692382812e-05
1.2874603271484375e-05
1.2636184692382812e-05
1.239776611328125e-05
1.621246337890625e-05
1.33514404296875e-05
1.239776611328125e-05
1.2636184692382812e-05
1.2636184692382812e-05
1.2874603271484375e-05
1.239776611328125e-05
1.2636184692382812e-05
1.2874603271484375e-05
1.239776611328125e-05
1.239776611328125e-05
1.2636184692382812e-05
1.2874603271484375e-05
1.2636184692382812e-05
1.239776611328125e-05
1.2874603271484375e-05
1.2636184692382812e-05
1.3113021850585938e-05
1.239776611328125e-05
1.2159347534179688e-05
1.2636184692382812e-05
1.2636184692382812e-05
1.2636184692382812e-05
1.239776611328125e-05
1.2636184692382812e-05
1.33514404296875e-05
1.9073486328125e-05
1.3113021850585938e-05
1.621246337890625e-05
2.7179718017578125e-05
2.6464462280273438e-05
1.2874603271484375e-05
2.5510787963867188e-05
1.2636184692382812e-05
2.6702880859375e-05
2.86102294921875e-05
3.933906555175781e-05
1.2636184692382812e-05
1.2636184692382812e-05
1.2874603271484375e-05
1.2636184692382812e-05
1.3113021850585938e-05
1.2874603271484375e-05
1.2636184692382812e-05
1.2636184692382812e-05
1.2636184692382812e-05
1.2636184692382812e-05
1.239776611328125e-05
1.2636184692382812e-05
1.2636184692382812e-05
1.2159347534179688e-05
1.33514404296875e-05
1.2636184692382812e-05
1.2874603271484375e-05
1.2636184692382812e-05
1.2636184692382812e-05
1.2874603271484375e-05
1.2636184692382812e-05
1.2874603271484375e-05
1.2636184692382812e-05
1.2159347534179688e-05
1.239776611328125e-05
0.00012874603271484375
1.5735626220703125e-05
2.6941299438476562e-05
1.2636184692382812e-05
1.2636184692382812e-05
1.3113021850585938e-05
1.2636184692382812e-05
1.2636184692382812e-05
1.2874603271484375e-05
1.239776611328125e-05
1.239776611328125e-05
2.6464462280273438e-05
1.2874603271484375e-05
1.2874603271484375e-05
2.9087066650390625e-05
1.2636184692382812e-05
1.239776611328125e-05
2.5510787963867188e-05
1.2636184692382812e-05
1.2636184692382812e-05
1.239776611328125e-05
1.239776611328125e-05
10000
3.743171691894531e-05
1.5497207641601562e-05
1.3589859008789062e-05
1.3113021850585938e-05
1.33514404296875e-05
1.33514404296875e-05
1.5497207641601562e-05
1.33514404296875e-05
1.3113021850585938e-05
1.33514404296875e-05
1.3113021850585938e-05
1.2874603271484375e-05
1.3113021850585938e-05
1.3113021850585938e-05
1.3113021850585938e-05
1.3113021850585938e-05
1.33514404296875e-05
1.3589859008789062e-05
1.52587890625e-05
1.3113021850585938e-05
1.33514404296875e-05
1.33514404296875e-05
1.3113021850585938e-05
4.9114227294921875e-05
1.4543533325195312e-05
1.4066696166992188e-05
1.3828277587890625e-05
1.33514404296875e-05
1.33514404296875e-05
1.3589859008789062e-05
1.6689300537109375e-05
1.3589859008789062e-05
1.3589859008789062e-05
1.3589859008789062e-05
1.3589859008789062e-05
1.33514404296875e-05
1.33514404296875e-05
1.33514404296875e-05
1.33514404296875e-05
1.33514404296875e-05
1.33514404296875e-05
1.3113021850585938e-05
1.2874603271484375e-05
1.33514404296875e-05
1.33514404296875e-05
1.33514404296875e-05
1.33514404296875e-05
1.3113021850585938e-05
1.3113021850585938e-05
1.33514404296875e-05
1.3828277587890625e-05
1.3113021850585938e-05
1.3113021850585938e-05
1.2874603271484375e-05
1.3113021850585938e-05
1.3113021850585938e-05
1.2874603271484375e-05
1.3113021850585938e-05
1.5974044799804688e-05
1.3113021850585938e-05
1.33514404296875e-05
1.3113021850585938e-05
1.5974044799804688e-05
1.3828277587890625e-05
1.3828277587890625e-05
1.3113021850585938e-05
1.33514404296875e-05
1.3589859008789062e-05
1.33514404296875e-05
1.33514404296875e-05
1.33514404296875e-05
1.5974044799804688e-05
1.33514404296875e-05
1.3113021850585938e-05
1.33514404296875e-05
1.3113021850585938e-05
1.3113021850585938e-05
1.3113021850585938e-05
1.52587890625e-05
1.430511474609375e-05
1.3113021850585938e-05
1.3113021850585938e-05
1.3113021850585938e-05
3.528594970703125e-05
1.5020370483398438e-05
1.4066696166992188e-05
1.3828277587890625e-05
1.4066696166992188e-05
1.3828277587890625e-05
1.3828277587890625e-05
1.3828277587890625e-05
1.33514404296875e-05
1.3828277587890625e-05
1.33514404296875e-05
1.3589859008789062e-05
1.6450881958007812e-05
1.3589859008789062e-05
1.52587890625e-05
1.3828277587890625e-05
1.3589859008789062e-05
100000
5.5789947509765625e-05
3.1948089599609375e-05
2.3365020751953125e-05
2.6702880859375e-05
3.337860107421875e-05
2.9325485229492188e-05
3.170967102050781e-05
3.075599670410156e-05
2.765655517578125e-05
2.193450927734375e-05
2.384185791015625e-05
2.4080276489257812e-05
2.0742416381835938e-05
2.5272369384765625e-05
2.86102294921875e-05
2.288818359375e-05
3.337860107421875e-05
2.7894973754882812e-05
2.2172927856445312e-05
2.4080276489257812e-05
2.1457672119140625e-05
2.3365020751953125e-05
2.765655517578125e-05
2.5033950805664062e-05
2.0742416381835938e-05
2.4080276489257812e-05
4.100799560546875e-05
5.7220458984375e-05
2.956390380859375e-05
2.8848648071289062e-05
2.5033950805664062e-05
2.09808349609375e-05
2.384185791015625e-05
2.4080276489257812e-05
2.1219253540039062e-05
2.5510787963867188e-05
2.765655517578125e-05
2.2649765014648438e-05
2.6226043701171875e-05
2.3603439331054688e-05
2.193450927734375e-05
2.5033950805664062e-05
2.5510787963867188e-05
2.6226043701171875e-05
2.4557113647460938e-05
2.5272369384765625e-05
2.3126602172851562e-05
2.574920654296875e-05
4.220008850097656e-05
2.7894973754882812e-05
2.3365020751953125e-05
3.266334533691406e-05
3.2901763916015625e-05
3.9577484130859375e-05
3.600120544433594e-05
3.170967102050781e-05
4.100799560546875e-05
3.62396240234375e-05
2.6941299438476562e-05
2.765655517578125e-05
2.9802322387695312e-05
3.7670135498046875e-05
3.62396240234375e-05
3.838539123535156e-05
2.574920654296875e-05
2.2172927856445312e-05
4.1484832763671875e-05
3.719329833984375e-05
3.910064697265625e-05
3.552436828613281e-05
3.910064697265625e-05
3.886222839355469e-05
2.3603439331054688e-05
2.8371810913085938e-05
2.8848648071289062e-05
2.4318695068359375e-05
3.647804260253906e-05
3.1948089599609375e-05
3.886222839355469e-05
3.4809112548828125e-05
3.6716461181640625e-05
3.647804260253906e-05
4.124641418457031e-05
3.910064697265625e-05
3.647804260253906e-05
4.291534423828125e-05
4.220008850097656e-05
4.315376281738281e-05
4.267692565917969e-05
4.9591064453125e-05
4.363059997558594e-05
3.6716461181640625e-05
3.933906555175781e-05
3.9577484130859375e-05
4.363059997558594e-05
4.124641418457031e-05
3.9577484130859375e-05
4.124641418457031e-05
4.9591064453125e-05
4.267692565917969e-05
