1000
1.9788742065429688e-05
4.5299530029296875e-06
3.5762786865234375e-06
3.0994415283203125e-06
3.814697265625e-06
3.5762786865234375e-06
2.2649765014648438e-05
5.7220458984375e-06
4.0531158447265625e-06
4.0531158447265625e-06
4.0531158447265625e-06
3.337860107421875e-06
3.0994415283203125e-06
3.5762786865234375e-06
4.0531158447265625e-06
3.337860107421875e-06
3.5762786865234375e-06
3.814697265625e-06
3.5762786865234375e-06
1.71661376953125e-05
3.814697265625e-06
3.814697265625e-06
3.5762786865234375e-06
3.814697265625e-06
3.5762786865234375e-06
4.0531158447265625e-06
3.5762786865234375e-06
3.0994415283203125e-06
3.0994415283203125e-06
3.0994415283203125e-06
3.5762786865234375e-06
3.814697265625e-06
3.814697265625e-06
3.337860107421875e-06
4.291534423828125e-06
3.337860107421875e-06
3.337860107421875e-06
3.337860107421875e-06
3.5762786865234375e-06
3.5762786865234375e-06
3.337860107421875e-06
3.337860107421875e-06
3.5762786865234375e-06
3.5762786865234375e-06
5.7220458984375e-06
3.814697265625e-06
3.0994415283203125e-06
3.5762786865234375e-06
3.814697265625e-06
3.337860107421875e-06
3.5762786865234375e-06
3.337860107421875e-06
3.814697265625e-06
3.5762786865234375e-06
2.86102294921875e-06
3.0994415283203125e-06
3.5762786865234375e-06
2.6226043701171875e-06
3.0994415283203125e-06
3.337860107421875e-06
4.5299530029296875e-06
5.0067901611328125e-06
4.5299530029296875e-06
3.814697265625e-06
3.5762786865234375e-06
3.0994415283203125e-06
3.814697265625e-06
3.814697265625e-06
3.5762786865234375e-06
3.0994415283203125e-06
3.337860107421875e-06
3.337860107421875e-06
3.5762786865234375e-06
2.86102294921875e-06
2.6226043701171875e-06
3.337860107421875e-06
3.337860107421875e-06
4.0531158447265625e-06
3.0994415283203125e-06
3.5762786865234375e-06
3.0994415283203125e-06
4.0531158447265625e-06
3.5762786865234375e-06
2.86102294921875e-06
3.337860107421875e-06
3.5762786865234375e-06
3.814697265625e-06
3.5762786865234375e-06
4.0531158447265625e-06
4.0531158447265625e-06
4.291534423828125e-06
3.5762786865234375e-06
3.0994415283203125e-06
3.5762786865234375e-06
3.0994415283203125e-06
3.337860107421875e-06
8.344650268554688e-06
3.337860107421875e-06
3.5762786865234375e-06
3.5762786865234375e-06
10000
2.7894973754882812e-05
5.0067901611328125e-06
6.4373016357421875e-06
5.245208740234375e-06
5.0067901611328125e-06
5.245208740234375e-06
5.0067901611328125e-06
5.7220458984375e-06
5.9604644775390625e-06
7.3909759521484375e-06
7.152557373046875e-06
8.58306884765625e-06
5.9604644775390625e-06
5.245208740234375e-06
4.76837158203125e-06
4.5299530029296875e-06
4.0531158447265625e-06
4.291534423828125e-06
5.7220458984375e-06
5.245208740234375e-06
5.0067901611328125e-06
5.245208740234375e-06
5.0067901611328125e-06
4.291534423828125e-06
5.7220458984375e-06
5.0067901611328125e-06
5.7220458984375e-06
1.049041748046875e-05
5.9604644775390625e-06
5.4836273193359375e-06
5.245208740234375e-06
5.0067901611328125e-06
4.0531158447265625e-06
4.291534423828125e-06
6.198883056640625e-06
5.7220458984375e-06
3.4332275390625e-05
1.5735626220703125e-05
7.867813110351562e-06
9.5367431640625e-06
1.0013580322265625e-05
6.198883056640625e-06
7.152557373046875e-06
8.821487426757812e-06
1.71661376953125e-05
1.3113021850585938e-05
9.5367431640625e-06
6.67572021484375e-06
6.67572021484375e-06
5.7220458984375e-06
4.5299530029296875e-06
5.0067901611328125e-06
5.9604644775390625e-06
5.0067901611328125e-06
6.198883056640625e-06
4.76837158203125e-06
5.245208740234375e-06
5.4836273193359375e-06
4.5299530029296875e-06
5.0067901611328125e-06
1.3589859008789062e-05
1.239776611328125e-05
1.4543533325195312e-05
1.4066696166992188e-05
1.33514404296875e-05
1.239776611328125e-05
6.4373016357421875e-06
6.198883056640625e-06
1.3589859008789062e-05
9.298324584960938e-06
7.3909759521484375e-06
1.2159347534179688e-05
1.1682510375976562e-05
1.6689300537109375e-05
1.4781951904296875e-05
1.4781951904296875e-05
1.4543533325195312e-05
1.239776611328125e-05
1.5735626220703125e-05
1.4066696166992188e-05
1.3113021850585938e-05
8.821487426757812e-06
5.245208740234375e-06
5.0067901611328125e-06
9.775161743164062e-06
5.0067901611328125e-06
1.430511474609375e-05
1.049041748046875e-05
6.198883056640625e-06
1.7404556274414062e-05
6.4373016357421875e-06
5.0067901611328125e-06
7.152557373046875e-06
5.245208740234375e-06
5.7220458984375e-06
1.2636184692382812e-05
8.344650268554688e-06
7.152557373046875e-06
5.7220458984375e-06
5.0067901611328125e-06
100000
5.221366882324219e-05
1.0728836059570312e-05
3.2901763916015625e-05
7.867813110351562e-06
1.049041748046875e-05
5.4836273193359375e-06
4.38690185546875e-05
4.9114227294921875e-05
4.3392181396484375e-05
6.67572021484375e-06
4.7206878662109375e-05
9.298324584960938e-06
6.198883056640625e-06
4.5299530029296875e-05
6.9141387939453125e-06
4.029273986816406e-05
3.552436828613281e-05
5.9604644775390625e-06
4.172325134277344e-05
3.457069396972656e-05
7.62939453125e-06
3.719329833984375e-05
6.198883056640625e-05
1.1682510375976562e-05
8.106231689453125e-06
4.410743713378906e-05
2.7179718017578125e-05
1.0013580322265625e-05
4.363059997558594e-05
7.62939453125e-06
1.049041748046875e-05
3.552436828613281e-05
3.5762786865234375e-05
3.790855407714844e-05
3.886222839355469e-05
2.6941299438476562e-05
1.2636184692382812e-05
4.982948303222656e-05
3.0279159545898438e-05
2.9325485229492188e-05
6.67572021484375e-06
3.4332275390625e-05
2.4318695068359375e-05
3.695487976074219e-05
3.838539123535156e-05
3.886222839355469e-05
8.344650268554688e-06
3.814697265625e-05
4.315376281738281e-05
2.7179718017578125e-05
4.1484832763671875e-05
1.239776611328125e-05
5.936622619628906e-05
5.125999450683594e-05
2.3126602172851562e-05
3.218650817871094e-05
2.8848648071289062e-05
3.838539123535156e-05
3.4809112548828125e-05
6.4373016357421875e-06
4.00543212890625e-05
2.1457672119140625e-05
3.552436828613281e-05
2.0503997802734375e-05
3.9577484130859375e-05
3.457069396972656e-05
7.152557373046875e-06
5.507469177246094e-05
3.981590270996094e-05
5.1021575927734375e-05
4.1484832763671875e-05
6.198883056640625e-06
3.504753112792969e-05
6.67572021484375e-06
5.0067901611328125e-05
2.4557113647460938e-05
3.62396240234375e-05
1.5020370483398438e-05
5.2928924560546875e-05
3.814697265625e-05
7.3909759521484375e-06
4.935264587402344e-05
9.059906005859375e-06
3.123283386230469e-05
3.814697265625e-05
2.5510787963867188e-05
9.059906005859375e-06
5.9604644775390625e-06
7.3909759521484375e-06
9.298324584960938e-06
3.719329833984375e-05
1.1682510375976562e-05
6.67572021484375e-06
1.430511474609375e-05
4.76837158203125e-06
1.1205673217773438e-05
8.106231689453125e-06
5.7220458984375e-06
5.030632019042969e-05
2.2172927856445312e-05
