1000
3.0994415283203125e-05
1.2159347534179688e-05
7.62939453125e-06
7.62939453125e-06
6.198883056640625e-06
6.4373016357421875e-06
5.9604644775390625e-06
6.4373016357421875e-06
6.4373016357421875e-06
6.4373016357421875e-06
5.9604644775390625e-06
5.9604644775390625e-06
5.9604644775390625e-06
7.3909759521484375e-06
6.4373016357421875e-06
6.67572021484375e-06
1.7404556274414062e-05
6.9141387939453125e-06
6.198883056640625e-06
6.9141387939453125e-06
6.4373016357421875e-06
6.4373016357421875e-06
6.198883056640625e-06
6.67572021484375e-06
6.4373016357421875e-06
6.9141387939453125e-06
7.152557373046875e-06
6.9141387939453125e-06
6.9141387939453125e-06
6.9141387939453125e-06
6.9141387939453125e-06
6.9141387939453125e-06
6.9141387939453125e-06
7.3909759521484375e-06
7.152557373046875e-06
7.152557373046875e-06
7.62939453125e-06
6.9141387939453125e-06
6.9141387939453125e-06
7.152557373046875e-06
7.867813110351562e-06
7.152557373046875e-06
7.152557373046875e-06
6.9141387939453125e-06
6.9141387939453125e-06
7.152557373046875e-06
7.62939453125e-06
7.3909759521484375e-06
7.152557373046875e-06
7.152557373046875e-06
6.9141387939453125e-06
7.152557373046875e-06
7.3909759521484375e-06
7.152557373046875e-06
7.152557373046875e-06
7.152557373046875e-06
7.3909759521484375e-06
6.9141387939453125e-06
7.3909759521484375e-06
7.62939453125e-06
3.337860107421875e-06
7.62939453125e-06
7.867813110351562e-06
7.62939453125e-06
7.62939453125e-06
7.3909759521484375e-06
7.152557373046875e-06
7.152557373046875e-06
7.152557373046875e-06
6.9141387939453125e-06
6.9141387939453125e-06
6.9141387939453125e-06
2.6226043701171875e-06
6.67572021484375e-06
7.62939453125e-06
7.3909759521484375e-06
7.152557373046875e-06
6.9141387939453125e-06
7.152557373046875e-06
6.9141387939453125e-06
6.9141387939453125e-06
6.9141387939453125e-06
7.152557373046875e-06
7.152557373046875e-06
6.9141387939453125e-06
8.106231689453125e-06
7.62939453125e-06
7.152557373046875e-06
7.3909759521484375e-06
7.152557373046875e-06
6.9141387939453125e-06
6.9141387939453125e-06
7.152557373046875e-06
7.152557373046875e-06
7.62939453125e-06
7.152557373046875e-06
6.9141387939453125e-06
7.152557373046875e-06
6.9141387939453125e-06
7.152557373046875e-06
10000
3.743171691894531e-05
1.621246337890625e-05
1.0013580322265625e-05
8.821487426757812e-06
8.106231689453125e-06
8.106231689453125e-06
8.344650268554688e-06
8.58306884765625e-06
7.867813110351562e-06
8.106231689453125e-06
7.867813110351562e-06
7.62939453125e-06
8.821487426757812e-06
8.58306884765625e-06
7.62939453125e-06
8.106231689453125e-06
7.62939453125e-06
7.3909759521484375e-06
8.106231689453125e-06
7.867813110351562e-06
7.3909759521484375e-06
7.62939453125e-06
8.106231689453125e-06
7.867813110351562e-06
7.867813110351562e-06
9.298324584960938e-06
8.821487426757812e-06
7.62939453125e-06
7.3909759521484375e-06
6.9141387939453125e-06
7.152557373046875e-06
6.9141387939453125e-06
6.9141387939453125e-06
6.67572021484375e-06
6.9141387939453125e-06
6.4373016357421875e-06
6.67572021484375e-06
6.4373016357421875e-06
6.9141387939453125e-06
6.9141387939453125e-06
6.67572021484375e-06
6.9141387939453125e-06
6.9141387939453125e-06
6.9141387939453125e-06
6.67572021484375e-06
9.775161743164062e-06
7.3909759521484375e-06
6.9141387939453125e-06
7.3909759521484375e-06
6.9141387939453125e-06
6.67572021484375e-06
6.9141387939453125e-06
6.9141387939453125e-06
7.152557373046875e-06
7.152557373046875e-06
6.67572021484375e-06
6.9141387939453125e-06
7.3909759521484375e-06
6.9141387939453125e-06
7.152557373046875e-06
3.337860107421875e-06
6.67572021484375e-06
7.152557373046875e-06
7.152557373046875e-06
7.3909759521484375e-06
7.3909759521484375e-06
7.3909759521484375e-06
7.867813110351562e-06
8.821487426757812e-06
7.62939453125e-06
7.62939453125e-06
8.106231689453125e-06
8.106231689453125e-06
7.62939453125e-06
7.62939453125e-06
7.867813110351562e-06
7.867813110351562e-06
8.106231689453125e-06
7.62939453125e-06
7.867813110351562e-06
1.1205673217773438e-05
7.867813110351562e-06
7.867813110351562e-06
7.3909759521484375e-06
7.62939453125e-06
7.62939453125e-06
7.3909759521484375e-06
7.152557373046875e-06
7.62939453125e-06
7.3909759521484375e-06
7.867813110351562e-06
7.62939453125e-06
7.62939453125e-06
7.867813110351562e-06
9.5367431640625e-06
7.62939453125e-06
7.867813110351562e-06
7.62939453125e-06
7.3909759521484375e-06
7.867813110351562e-06
100000
4.2438507080078125e-05
1.9550323486328125e-05
2.5033950805664062e-05
2.6226043701171875e-05
1.0967254638671875e-05
2.47955322265625e-05
2.5272369384765625e-05
1.0967254638671875e-05
2.1696090698242188e-05
2.4318695068359375e-05
2.9802322387695312e-05
2.765655517578125e-05
1.0967254638671875e-05
2.193450927734375e-05
2.86102294921875e-05
2.47955322265625e-05
2.3365020751953125e-05
2.4557113647460938e-05
2.3126602172851562e-05
2.2172927856445312e-05
2.288818359375e-05
2.3365020751953125e-05
2.288818359375e-05
2.5272369384765625e-05
1.1920928955078125e-05
1.049041748046875e-05
2.3603439331054688e-05
1.0251998901367188e-05
2.1696090698242188e-05
1.049041748046875e-05
2.6226043701171875e-05
1.0728836059570312e-05
2.384185791015625e-05
1.0251998901367188e-05
2.5272369384765625e-05
2.2649765014648438e-05
1.0251998901367188e-05
2.193450927734375e-05
1.049041748046875e-05
2.193450927734375e-05
1.049041748046875e-05
2.1219253540039062e-05
2.2172927856445312e-05
1.0013580322265625e-05
8.58306884765625e-06
8.106231689453125e-06
8.106231689453125e-06
2.2172927856445312e-05
1.0013580322265625e-05
9.5367431640625e-06
8.58306884765625e-06
8.106231689453125e-06
8.106231689453125e-06
8.106231689453125e-06
8.344650268554688e-06
7.867813110351562e-06
2.193450927734375e-05
9.298324584960938e-06
7.152557373046875e-06
2.2172927856445312e-05
2.3126602172851562e-05
2.3126602172851562e-05
9.775161743164062e-06
2.0742416381835938e-05
2.3126602172851562e-05
2.3126602172851562e-05
9.059906005859375e-06
2.09808349609375e-05
3.314018249511719e-05
2.5033950805664062e-05
4.9591064453125e-05
1.5974044799804688e-05
1.0967254638671875e-05
9.059906005859375e-06
2.6464462280273438e-05
2.6226043701171875e-05
1.0251998901367188e-05
2.4080276489257812e-05
2.47955322265625e-05
1.049041748046875e-05
7.867813110351562e-06
7.3909759521484375e-06
7.62939453125e-06
2.3365020751953125e-05
1.0013580322265625e-05
2.8371810913085938e-05
9.775161743164062e-06
2.1457672119140625e-05
2.1696090698242188e-05
2.3603439331054688e-05
1.0013580322265625e-05
2.288818359375e-05
2.288818359375e-05
2.288818359375e-05
2.288818359375e-05
2.4318695068359375e-05
2.2649765014648438e-05
1.0013580322265625e-05
2.1457672119140625e-05
2.2411346435546875e-05
