1000
2.1219253540039062e-05
5.0067901611328125e-06
2.86102294921875e-06
2.86102294921875e-06
2.6226043701171875e-06
2.6226043701171875e-06
2.6226043701171875e-06
2.6226043701171875e-06
2.6226043701171875e-06
2.6226043701171875e-06
2.384185791015625e-06
2.384185791015625e-06
2.6226043701171875e-06
2.384185791015625e-06
2.384185791015625e-06
2.384185791015625e-06
2.6226043701171875e-06
2.6226043701171875e-06
2.1457672119140625e-06
2.6226043701171875e-06
2.6226043701171875e-06
2.384185791015625e-06
2.6226043701171875e-06
2.384185791015625e-06
2.6226043701171875e-06
2.6226043701171875e-06
2.6226043701171875e-06
2.6226043701171875e-06
2.1457672119140625e-06
2.6226043701171875e-06
2.6226043701171875e-06
2.384185791015625e-06
3.0994415283203125e-06
2.384185791015625e-06
2.6226043701171875e-06
2.6226043701171875e-06
2.6226043701171875e-06
2.86102294921875e-06
2.384185791015625e-06
2.6226043701171875e-06
5.9604644775390625e-06
2.6226043701171875e-06
2.384185791015625e-06
2.1457672119140625e-06
2.6226043701171875e-06
2.384185791015625e-06
2.1457672119140625e-06
2.6226043701171875e-06
2.6226043701171875e-06
2.384185791015625e-06
2.384185791015625e-06
2.384185791015625e-06
2.6226043701171875e-06
2.384185791015625e-06
2.384185791015625e-06
2.6226043701171875e-06
2.384185791015625e-06
2.384185791015625e-06
2.6226043701171875e-06
2.384185791015625e-06
2.1457672119140625e-06
2.6226043701171875e-06
2.6226043701171875e-06
2.6226043701171875e-06
2.6226043701171875e-06
2.384185791015625e-06
2.384185791015625e-06
2.6226043701171875e-06
2.1457672119140625e-06
2.6226043701171875e-06
2.384185791015625e-06
2.384185791015625e-06
2.6226043701171875e-06
2.384185791015625e-06
2.1457672119140625e-06
2.6226043701171875e-06
2.1457672119140625e-06
2.6226043701171875e-06
2.384185791015625e-06
2.86102294921875e-06
2.6226043701171875e-06
2.384185791015625e-06
2.384185791015625e-06
2.6226043701171875e-06
2.384185791015625e-06
2.384185791015625e-06
2.6226043701171875e-06
2.6226043701171875e-06
2.6226043701171875e-06
2.384185791015625e-06
2.6226043701171875e-06
2.384185791015625e-06
2.384185791015625e-06
2.384185791015625e-06
2.384185791015625e-06
2.1457672119140625e-06
2.384185791015625e-06
2.6226043701171875e-06
2.1457672119140625e-06
2.384185791015625e-06
10000
8.916854858398438e-05
4.5299530029296875e-06
3.337860107421875e-06
3.337860107421875e-06
2.6226043701171875e-06
3.0994415283203125e-06
3.0994415283203125e-06
3.337860107421875e-06
3.0994415283203125e-06
2.86102294921875e-06
3.337860107421875e-06
2.86102294921875e-06
3.0994415283203125e-06
2.86102294921875e-06
4.0531158447265625e-06
3.6716461181640625e-05
5.7220458984375e-06
3.5762786865234375e-06
2.86102294921875e-06
3.0994415283203125e-06
3.337860107421875e-06
3.0994415283203125e-06
1.8835067749023438e-05
1.0967254638671875e-05
1.8835067749023438e-05
3.5762786865234375e-06
3.337860107421875e-06
2.6226043701171875e-06
1.4066696166992188e-05
3.5762786865234375e-06
3.337860107421875e-06
3.0994415283203125e-06
3.337860107421875e-06
2.86102294921875e-06
2.86102294921875e-06
2.86102294921875e-06
1.6927719116210938e-05
2.86102294921875e-06
3.0994415283203125e-06
2.86102294921875e-06
3.314018249511719e-05
1.9550323486328125e-05
3.337860107421875e-06
2.6226043701171875e-06
2.86102294921875e-06
1.71661376953125e-05
3.0994415283203125e-06
3.0994415283203125e-06
3.0994415283203125e-06
3.0994415283203125e-06
3.0994415283203125e-06
1.5735626220703125e-05
2.384185791015625e-06
3.0994415283203125e-06
1.6450881958007812e-05
3.0994415283203125e-06
1.7642974853515625e-05
2.384185791015625e-06
2.86102294921875e-06
6.9141387939453125e-06
3.337860107421875e-06
2.86102294921875e-06
2.6226043701171875e-06
3.0994415283203125e-06
2.6226043701171875e-06
3.0994415283203125e-06
3.337860107421875e-06
2.86102294921875e-06
2.6226043701171875e-06
2.6226043701171875e-06
3.5762786865234375e-06
1.6689300537109375e-05
2.6226043701171875e-06
2.6226043701171875e-06
2.6226043701171875e-06
2.6226043701171875e-06
2.86102294921875e-06
2.384185791015625e-06
2.86102294921875e-06
2.384185791015625e-06
2.6226043701171875e-06
3.0994415283203125e-06
2.6226043701171875e-06
2.6226043701171875e-06
2.6226043701171875e-06
2.6226043701171875e-06
2.384185791015625e-06
2.6226043701171875e-06
2.6226043701171875e-06
3.0994415283203125e-06
1.6927719116210938e-05
2.384185791015625e-06
2.6226043701171875e-06
2.6226043701171875e-06
2.6226043701171875e-06
2.86102294921875e-06
1.52587890625e-05
3.0994415283203125e-06
2.384185791015625e-06
2.384185791015625e-06
100000
4.553794860839844e-05
5.7220458984375e-06
9.5367431640625e-06
3.814697265625e-06
3.24249267578125e-05
4.291534423828125e-06
1.049041748046875e-05
4.0531158447265625e-06
1.0251998901367188e-05
1.049041748046875e-05
1.0728836059570312e-05
9.5367431640625e-06
1.0251998901367188e-05
3.814697265625e-06
9.775161743164062e-06
3.814697265625e-06
3.337860107421875e-06
8.821487426757812e-06
1.0251998901367188e-05
4.0531158447265625e-06
9.059906005859375e-06
9.298324584960938e-06
3.5762786865234375e-06
2.86102294921875e-06
3.0994415283203125e-06
1.0013580322265625e-05
4.0531158447265625e-06
9.059906005859375e-06
9.059906005859375e-06
3.0994415283203125e-06
3.0994415283203125e-06
3.0994415283203125e-06
8.821487426757812e-06
3.5762786865234375e-06
1.0251998901367188e-05
9.298324584960938e-06
3.5762786865234375e-06
2.86102294921875e-06
3.0994415283203125e-06
8.821487426757812e-06
3.5762786865234375e-06
8.58306884765625e-06
9.298324584960938e-06
3.5762786865234375e-06
8.106231689453125e-06
8.821487426757812e-06
2.4318695068359375e-05
9.5367431640625e-06
1.0013580322265625e-05
3.814697265625e-06
3.337860107421875e-06
3.337860107421875e-06
9.059906005859375e-06
8.821487426757812e-06
9.059906005859375e-06
3.5762786865234375e-06
8.58306884765625e-06
8.344650268554688e-06
8.344650268554688e-06
9.059906005859375e-06
8.821487426757812e-06
3.5762786865234375e-06
1.0013580322265625e-05
3.814697265625e-06
9.059906005859375e-06
3.5762786865234375e-06
8.821487426757812e-06
3.5762786865234375e-06
8.821487426757812e-06
3.814697265625e-06
8.58306884765625e-06
3.814697265625e-06
1.9073486328125e-05
3.814697265625e-06
8.821487426757812e-06
3.337860107421875e-06
8.344650268554688e-06
8.821487426757812e-06
3.814697265625e-06
1.0013580322265625e-05
9.298324584960938e-06
3.5762786865234375e-06
3.5762786865234375e-06
9.5367431640625e-06
3.5762786865234375e-06
1.0013580322265625e-05
3.337860107421875e-06
3.0994415283203125e-06
1.0013580322265625e-05
3.337860107421875e-06
1.0251998901367188e-05
9.059906005859375e-06
9.059906005859375e-06
3.5762786865234375e-06
2.6226043701171875e-06
2.6226043701171875e-06
9.5367431640625e-06
3.5762786865234375e-06
8.58306884765625e-06
3.337860107421875e-06
