1000
0.13036155700683594
0.08738541603088379
0.0962371826171875
0.10422706604003906
0.13793659210205078
0.10510110855102539
0.11236715316772461
0.09380722045898438
0.7443082332611084
0.1128699779510498
0.12844634056091309
0.12775039672851562
0.12140202522277832
0.0874338150024414
0.08730387687683105
0.12007689476013184
0.11272096633911133
0.1358788013458252
0.08719229698181152
0.0871577262878418
0.13787555694580078
0.08710741996765137
0.08717870712280273
0.14645886421203613
0.08715581893920898
0.09452033042907715
0.12929391860961914
0.08662796020507812
0.08641576766967773
0.11959195137023926
0.12671303749084473
0.09768056869506836
0.11916017532348633
0.11299896240234375
0.12121248245239258
0.128737211227417
0.08669567108154297
0.0877528190612793
0.08724212646484375
0.131103515625
0.13393878936767578
0.1372852325439453
0.11959290504455566
0.1461179256439209
0.12030911445617676
0.10561084747314453
0.13309359550476074
0.10423564910888672
0.11989068984985352
0.08625340461730957
0.08656501770019531
0.08649349212646484
0.09611272811889648
0.10150909423828125
0.09511303901672363
0.08709836006164551
0.09516048431396484
0.09533858299255371
0.11160540580749512
0.09430623054504395
0.09490609169006348
0.0951082706451416
0.0873880386352539
0.07845616340637207
0.5315365791320801
0.12122130393981934
0.07915639877319336
0.11203145980834961
0.12014508247375488
0.10444045066833496
0.08633542060852051
0.08707022666931152
0.10039639472961426
0.13185715675354004
0.1696486473083496
0.12163686752319336
0.11991500854492188
0.13671302795410156
0.10264396667480469
0.12853574752807617
0.0875704288482666
0.12906432151794434
0.11973929405212402
0.12013864517211914
0.08539319038391113
0.09560513496398926
0.13668370246887207
0.1031181812286377
0.08615612983703613
0.13765311241149902
0.0865333080291748
0.09552693367004395
0.08677482604980469
0.08748340606689453
0.10337948799133301
0.10317158699035645
0.08670377731323242
0.09490370750427246
0.13632440567016602
0.08602428436279297
10000
0.09923315048217773
0.4412424564361572
0.14852118492126465
0.0795125961303711
0.14604640007019043
0.170975923538208
0.0901801586151123
0.09000802040100098
0.11703968048095703
0.1711413860321045
0.13471722602844238
0.19753074645996094
0.11767387390136719
0.14121127128601074
0.15228486061096191
0.1680440902709961
0.1591184139251709
0.12233233451843262
0.12036967277526855
0.08729195594787598
0.10261988639831543
0.15538382530212402
0.11154961585998535
0.5939350128173828
0.10676288604736328
0.09435319900512695
0.09125471115112305
0.09567379951477051
0.20375490188598633
0.10465741157531738
0.09540724754333496
0.08408951759338379
0.12592720985412598
0.09131622314453125
0.09517908096313477
0.08712887763977051
0.1065058708190918
0.14337396621704102
0.13192057609558105
0.13975095748901367
0.15445637702941895
0.13877248764038086
0.1373274326324463
0.09169149398803711
0.09350061416625977
0.12841057777404785
0.09185671806335449
0.14489388465881348
0.09808349609375
0.08692574501037598
0.10382294654846191
0.1699199676513672
0.1003122329711914
0.11056780815124512
0.1356053352355957
0.12793350219726562
0.09200763702392578
0.11167693138122559
0.1113729476928711
0.08614611625671387
0.1476442813873291
0.08542490005493164
0.5840091705322266
0.09574627876281738
0.12957024574279785
0.128953218460083
0.0922996997833252
0.1212613582611084
0.14557409286499023
0.15355324745178223
0.10584497451782227
0.12429189682006836
0.15927958488464355
0.13999271392822266
0.14819025993347168
0.1303257942199707
0.13610076904296875
0.14170360565185547
0.13608193397521973
0.11651372909545898
0.13718056678771973
0.10563898086547852
0.10213565826416016
0.10756969451904297
0.11671566963195801
0.09583115577697754
0.09105801582336426
0.09387755393981934
0.09429812431335449
0.12425851821899414
0.0914316177368164
0.3652210235595703
0.08748626708984375
0.128922700881958
0.4154214859008789
0.10200881958007812
0.09602594375610352
0.12847423553466797
0.14167141914367676
0.0960988998413086
100000
0.19716835021972656
0.1966540813446045
0.20693445205688477
0.19747281074523926
0.2467939853668213
0.2305450439453125
0.22228622436523438
0.20545220375061035
0.1885077953338623
0.2132570743560791
0.19663214683532715
0.22232675552368164
0.15642976760864258
0.22249507904052734
0.2068619728088379
0.19719886779785156
0.2149672508239746
0.1893932819366455
0.16442251205444336
0.2147693634033203
0.18903756141662598
0.21339678764343262
0.19713950157165527
0.19784307479858398
0.7181310653686523
0.2235398292541504
0.23174118995666504
0.2392263412475586
0.2639017105102539
0.21430706977844238
0.20557808876037598
0.2555055618286133
0.28585386276245117
0.21379494667053223
0.20576977729797363
0.1719961166381836
0.20549511909484863
0.23209357261657715
0.20557618141174316
0.23144912719726562
0.24842023849487305
0.18903827667236328
0.19729900360107422
0.21420073509216309
0.16325902938842773
0.22271275520324707
0.18953895568847656
0.2551870346069336
0.20566225051879883
0.20503878593444824
0.20708012580871582
0.23035311698913574
0.6142632961273193
0.16678333282470703
0.16462087631225586
0.21471309661865234
0.20609569549560547
0.2061305046081543
0.18836665153503418
0.20486998558044434
0.21347856521606445
0.19663071632385254
0.2218492031097412
0.1975858211517334
0.2547125816345215
0.19625639915466309
0.21303653717041016
0.18106746673583984
0.22327041625976562
0.20586156845092773
0.21416330337524414
0.22205734252929688
0.1977684497833252
0.21320319175720215
0.2058730125427246
0.18880081176757812
0.19701743125915527
0.20603466033935547
0.2063615322113037
0.20618748664855957
0.2716376781463623
0.21320462226867676
0.563328742980957
0.19838500022888184
0.23997783660888672
0.2485365867614746
0.22218799591064453
0.20544743537902832
0.24670147895812988
0.29387545585632324
0.2047748565673828
0.22128582000732422
0.2131648063659668
0.20444321632385254
0.1961193084716797
0.20454192161560059
0.2630589008331299
0.18158197402954102
0.15677261352539062
0.2302384376525879
