1000
0.0002105236053466797
7.414817810058594e-05
6.866455078125e-05
6.604194641113281e-05
6.532669067382812e-05
6.4849853515625e-05
6.4849853515625e-05
6.4849853515625e-05
7.843971252441406e-05
6.985664367675781e-05
6.628036499023438e-05
6.651878356933594e-05
6.842613220214844e-05
6.67572021484375e-05
6.651878356933594e-05
6.651878356933594e-05
6.651878356933594e-05
6.604194641113281e-05
6.651878356933594e-05
6.699562072753906e-05
6.628036499023438e-05
6.628036499023438e-05
6.67572021484375e-05
6.651878356933594e-05
6.628036499023438e-05
6.628036499023438e-05
6.771087646484375e-05
6.651878356933594e-05
6.651878356933594e-05
6.67572021484375e-05
6.67572021484375e-05
6.67572021484375e-05
6.651878356933594e-05
6.651878356933594e-05
6.651878356933594e-05
6.628036499023438e-05
6.628036499023438e-05
7.05718994140625e-05
6.699562072753906e-05
6.628036499023438e-05
6.747245788574219e-05
7.033348083496094e-05
6.723403930664062e-05
6.628036499023438e-05
6.628036499023438e-05
6.628036499023438e-05
6.937980651855469e-05
7.081031799316406e-05
6.699562072753906e-05
6.723403930664062e-05
6.985664367675781e-05
6.747245788574219e-05
6.67572021484375e-05
6.651878356933594e-05
7.104873657226562e-05
6.794929504394531e-05
6.67572021484375e-05
6.651878356933594e-05
6.937980651855469e-05
6.723403930664062e-05
6.699562072753906e-05
6.67572021484375e-05
6.651878356933594e-05
6.937980651855469e-05
6.699562072753906e-05
6.651878356933594e-05
6.651878356933594e-05
6.914138793945312e-05
6.818771362304688e-05
6.651878356933594e-05
6.628036499023438e-05
6.866455078125e-05
6.699562072753906e-05
6.604194641113281e-05
6.628036499023438e-05
6.651878356933594e-05
6.985664367675781e-05
6.699562072753906e-05
6.651878356933594e-05
6.651878356933594e-05
6.914138793945312e-05
6.723403930664062e-05
6.723403930664062e-05
6.651878356933594e-05
6.890296936035156e-05
7.033348083496094e-05
6.628036499023438e-05
6.628036499023438e-05
6.651878356933594e-05
6.699562072753906e-05
6.628036499023438e-05
6.604194641113281e-05
6.628036499023438e-05
6.890296936035156e-05
6.699562072753906e-05
6.747245788574219e-05
9.083747863769531e-05
0.00011110305786132812
8.678436279296875e-05
7.224082946777344e-05
10000
0.0006206035614013672
0.0006041526794433594
0.0006041526794433594
0.0006043910980224609
0.0006041526794433594
0.0006034374237060547
0.0007073879241943359
0.0007512569427490234
0.0006456375122070312
0.0006308555603027344
0.0006041526794433594
0.0006134510040283203
0.0006155967712402344
0.0006465911865234375
0.0006093978881835938
0.0006124973297119141
0.0006136894226074219
0.0006041526794433594
0.0006053447723388672
0.0006861686706542969
0.0006761550903320312
0.0006272792816162109
0.0006003379821777344
0.0006079673767089844
0.0006060600280761719
0.0006029605865478516
0.0006031990051269531
0.0006034374237060547
0.0006034374237060547
0.0006077289581298828
0.0006036758422851562
0.0006442070007324219
0.0006601810455322266
0.0006561279296875
0.0006394386291503906
0.0006070137023925781
0.0006041526794433594
0.0006062984466552734
0.0006015300750732422
0.0006029605865478516
0.0006017684936523438
0.0006058216094970703
0.0006055831909179688
0.0006041526794433594
0.0006127357482910156
0.0006039142608642578
0.0007357597351074219
0.0006921291351318359
0.0006194114685058594
0.0006072521209716797
0.0006055831909179688
0.0006372928619384766
0.0006039142608642578
0.0006051063537597656
0.0006060600280761719
0.0006330013275146484
0.0006158351898193359
0.0006053447723388672
0.0006062984466552734
0.000713348388671875
0.0006561279296875
0.0006108283996582031
0.0006008148193359375
0.0006082057952880859
0.0006067752838134766
0.0006031990051269531
0.0006053447723388672
0.0006144046783447266
0.0006067752838134766
0.0006039142608642578
0.0006022453308105469
0.0006020069122314453
0.0007965564727783203
0.0007188320159912109
0.0006341934204101562
0.0006089210510253906
0.0006079673767089844
0.0006048679351806641
0.0007259845733642578
0.0006253719329833984
0.0006039142608642578
0.0006098747253417969
0.0006051063537597656
0.0006051063537597656
0.0006055831909179688
0.0007236003875732422
0.0007321834564208984
0.0006299018859863281
0.0006043910980224609
0.0006382465362548828
0.0006167888641357422
0.0006046295166015625
0.0006055831909179688
0.0006024837493896484
0.0006051063537597656
0.0006062984466552734
0.0006039142608642578
0.0006051063537597656
0.0009875297546386719
0.0008187294006347656
100000
0.008198261260986328
0.008076190948486328
0.007821083068847656
0.007854461669921875
0.00784158706665039
0.007672309875488281
0.00798177719116211
0.008800745010375977
0.009885072708129883
0.008275747299194336
0.008252620697021484
0.008934974670410156
0.007974863052368164
0.008170366287231445
0.007816553115844727
0.008104801177978516
0.007976055145263672
0.009085416793823242
0.008523702621459961
0.008577823638916016
0.008144617080688477
0.008549690246582031
0.00818324089050293
0.008078813552856445
0.007778167724609375
0.008164644241333008
0.007838010787963867
0.007538557052612305
0.007536172866821289
0.007451057434082031
0.007531166076660156
0.007474184036254883
0.007476091384887695
0.007676839828491211
0.0075473785400390625
0.007614850997924805
0.007517337799072266
0.007645368576049805
0.007697105407714844
0.007631540298461914
0.007489442825317383
0.007510662078857422
0.007496356964111328
0.00781869888305664
0.007758140563964844
0.007754087448120117
0.007802724838256836
0.007969856262207031
0.008017778396606445
0.007745981216430664
0.00780940055847168
0.007564067840576172
0.007864236831665039
0.00809931755065918
0.007889032363891602
0.007917642593383789
0.008037567138671875
0.007799863815307617
0.007941246032714844
0.00781702995300293
0.008046150207519531
0.007699251174926758
0.007844686508178711
0.007811307907104492
0.007750272750854492
0.007792234420776367
0.007992744445800781
0.007684230804443359
0.007685661315917969
0.007662057876586914
0.00778961181640625
0.007816553115844727
0.007956266403198242
0.00790262222290039
0.008665800094604492
0.00783538818359375
0.007961034774780273
0.00888967514038086
0.007880926132202148
0.00832223892211914
0.007954835891723633
0.007939815521240234
0.007775783538818359
0.0077838897705078125
0.007663726806640625
0.007613182067871094
0.007993221282958984
0.0077457427978515625
0.007802009582519531
0.0076141357421875
0.007779836654663086
0.007727622985839844
0.007749319076538086
0.007624149322509766
0.008070707321166992
0.007755279541015625
0.00789785385131836
0.007765054702758789
0.007889747619628906
0.0077359676361083984
