1000
0.00015163421630859375
7.700920104980469e-05
5.8650970458984375e-05
5.91278076171875e-05
4.38690185546875e-05
8.440017700195312e-05
5.245208740234375e-05
4.57763671875e-05
5.745887756347656e-05
4.6253204345703125e-05
4.8160552978515625e-05
5.0067901611328125e-05
5.698204040527344e-05
5.53131103515625e-05
7.486343383789062e-05
0.00011992454528808594
7.104873657226562e-05
7.176399230957031e-05
8.082389831542969e-05
0.00010752677917480469
6.699562072753906e-05
6.508827209472656e-05
0.00014829635620117188
6.651878356933594e-05
0.00016355514526367188
0.00011467933654785156
6.29425048828125e-05
6.532669067382812e-05
5.602836608886719e-05
6.389617919921875e-05
5.9604644775390625e-05
4.649162292480469e-05
5.650520324707031e-05
5.936622619628906e-05
6.341934204101562e-05
7.43865966796875e-05
4.935264587402344e-05
4.887580871582031e-05
6.127357482910156e-05
6.270408630371094e-05
7.43865966796875e-05
5.698204040527344e-05
6.222724914550781e-05
4.3392181396484375e-05
5.817413330078125e-05
6.389617919921875e-05
7.367134094238281e-05
6.318092346191406e-05
4.76837158203125e-05
4.363059997558594e-05
5.6743621826171875e-05
5.030632019042969e-05
4.315376281738281e-05
5.650520324707031e-05
4.76837158203125e-05
4.76837158203125e-05
6.866455078125e-05
4.506111145019531e-05
4.673004150390625e-05
6.222724914550781e-05
6.556510925292969e-05
5.435943603515625e-05
6.079673767089844e-05
5.030632019042969e-05
4.5299530029296875e-05
5.91278076171875e-05
6.818771362304688e-05
5.507469177246094e-05
6.246566772460938e-05
6.508827209472656e-05
7.081031799316406e-05
7.176399230957031e-05
5.602836608886719e-05
6.127357482910156e-05
7.05718994140625e-05
7.414817810058594e-05
7.033348083496094e-05
6.127357482910156e-05
6.651878356933594e-05
4.267692565917969e-05
5.221366882324219e-05
4.696846008300781e-05
4.267692565917969e-05
5.555152893066406e-05
5.793571472167969e-05
7.748603820800781e-05
5.459785461425781e-05
4.315376281738281e-05
6.961822509765625e-05
4.410743713378906e-05
7.343292236328125e-05
5.555152893066406e-05
5.1975250244140625e-05
4.649162292480469e-05
6.961822509765625e-05
6.270408630371094e-05
4.553794860839844e-05
4.696846008300781e-05
4.315376281738281e-05
4.6253204345703125e-05
10000
0.0003592967987060547
9.989738464355469e-05
0.00044345855712890625
0.00036215782165527344
0.00014781951904296875
0.0003457069396972656
0.0003542900085449219
0.00031256675720214844
0.0003476142883300781
0.0002732276916503906
0.00025725364685058594
0.00014972686767578125
0.0001609325408935547
0.00011324882507324219
0.00039887428283691406
0.00017118453979492188
0.00018477439880371094
0.0001010894775390625
0.00028586387634277344
0.0002162456512451172
0.0002932548522949219
0.00035262107849121094
0.000324249267578125
0.00011277198791503906
6.532669067382812e-05
0.00037360191345214844
0.00018286705017089844
0.00012135505676269531
6.67572021484375e-05
0.00033020973205566406
0.00019121170043945312
0.00022912025451660156
0.0001499652862548828
0.00017499923706054688
0.000331878662109375
0.00024890899658203125
8.296966552734375e-05
0.0001690387725830078
0.0001976490020751953
0.00021457672119140625
0.00022339820861816406
8.726119995117188e-05
0.0002834796905517578
0.00029540061950683594
0.00010204315185546875
0.0002262592315673828
0.00026035308837890625
0.0003826618194580078
0.00020742416381835938
0.00034332275390625
0.00026702880859375
0.000171661376953125
0.00034737586975097656
0.0002086162567138672
0.00029587745666503906
0.000278472900390625
0.00035858154296875
0.00028967857360839844
0.00011801719665527344
0.00024628639221191406
0.00011277198791503906
0.00015425682067871094
0.00015473365783691406
0.00021648406982421875
0.0004322528839111328
0.00018310546875
0.00024366378784179688
0.0001277923583984375
8.440017700195312e-05
0.00012373924255371094
0.00017642974853515625
0.0002429485321044922
5.459785461425781e-05
0.00021719932556152344
8.606910705566406e-05
0.0002391338348388672
7.867813110351562e-05
9.655952453613281e-05
0.000171661376953125
0.00010633468627929688
5.817413330078125e-05
8.368492126464844e-05
4.792213439941406e-05
0.0001049041748046875
0.0003178119659423828
0.0002243518829345703
0.0003304481506347656
8.487701416015625e-05
0.0003924369812011719
0.00011920928955078125
0.00013756752014160156
0.00010251998901367188
7.891654968261719e-05
0.00011467933654785156
0.0002117156982421875
7.915496826171875e-05
0.0003292560577392578
0.000186920166015625
0.0003027915954589844
0.00016927719116210938
100000
0.002973794937133789
0.0012884140014648438
0.0028047561645507812
0.002882719039916992
0.0033566951751708984
0.0019404888153076172
0.0047185420989990234
0.00017905235290527344
0.002654552459716797
0.0014224052429199219
0.003949642181396484
0.0030057430267333984
0.0021986961364746094
0.0032501220703125
0.0008232593536376953
0.0028390884399414062
0.0024328231811523438
0.0005662441253662109
0.0004742145538330078
0.0015578269958496094
0.0015690326690673828
0.00048828125
0.0030832290649414062
0.0028569698333740234
0.002444028854370117
0.0011601448059082031
0.0027794837951660156
0.001829385757446289
0.003576517105102539
0.0015714168548583984
0.0017657279968261719
0.0003731250762939453
0.0036468505859375
0.002636432647705078
0.00016164779663085938
0.0010137557983398438
0.002134084701538086
0.0007538795471191406
0.001996755599975586
0.0006282329559326172
0.0002713203430175781
0.0023336410522460938
0.0008497238159179688
0.001750946044921875
0.0002434253692626953
0.001650094985961914
0.0037848949432373047
0.004125833511352539
0.0010516643524169922
0.0006856918334960938
0.0006170272827148438
0.0015528202056884766
0.002080202102661133
0.0030879974365234375
0.002679109573364258
0.002561330795288086
0.0015833377838134766
0.0002548694610595703
0.0007810592651367188
0.0013954639434814453
0.0016582012176513672
0.0031888484954833984
0.0020432472229003906
0.001733541488647461
0.0006084442138671875
0.0008065700531005859
0.0010879039764404297
0.002160787582397461
0.0029311180114746094
0.0005159378051757812
0.00016617774963378906
0.0027549266815185547
0.00021314620971679688
0.0012660026550292969
0.0013780593872070312
0.0008826255798339844
0.0007789134979248047
0.0009262561798095703
0.0017707347869873047
0.0009768009185791016
0.0027468204498291016
0.0007643699645996094
0.003638744354248047
0.0008380413055419922
0.0020172595977783203
0.0002505779266357422
0.0011217594146728516
0.00019431114196777344
0.0006077289581298828
0.004700422286987305
0.0047185420989990234
0.002184629440307617
0.0029294490814208984
0.0027146339416503906
0.003389596939086914
0.005695343017578125
0.0027709007263183594
0.004361867904663086
0.0013425350189208984
0.0008244514465332031
