1000
0.00010514259338378906
5.054473876953125e-05
7.43865966796875e-05
5.698204040527344e-05
6.0558319091796875e-05
6.270408630371094e-05
6.341934204101562e-05
4.744529724121094e-05
6.008148193359375e-05
4.935264587402344e-05
4.220008850097656e-05
5.602836608886719e-05
6.437301635742188e-05
5.8650970458984375e-05
5.2928924560546875e-05
4.76837158203125e-05
9.179115295410156e-05
5.936622619628906e-05
5.9604644775390625e-05
4.6253204345703125e-05
5.698204040527344e-05
5.7697296142578125e-05
5.340576171875e-05
4.553794860839844e-05
4.482269287109375e-05
6.103515625e-05
4.601478576660156e-05
6.389617919921875e-05
7.939338684082031e-05
4.863739013671875e-05
5.435943603515625e-05
5.245208740234375e-05
5.984306335449219e-05
6.270408630371094e-05
5.1021575927734375e-05
4.744529724121094e-05
6.175041198730469e-05
5.173683166503906e-05
4.9591064453125e-05
6.389617919921875e-05
6.29425048828125e-05
4.38690185546875e-05
4.220008850097656e-05
5.1975250244140625e-05
4.839897155761719e-05
6.389617919921875e-05
4.8160552978515625e-05
5.340576171875e-05
4.4345855712890625e-05
4.1961669921875e-05
6.0558319091796875e-05
5.698204040527344e-05
5.3882598876953125e-05
5.245208740234375e-05
5.7220458984375e-05
5.698204040527344e-05
6.008148193359375e-05
4.506111145019531e-05
5.5789947509765625e-05
5.364418029785156e-05
6.29425048828125e-05
6.413459777832031e-05
4.506111145019531e-05
5.936622619628906e-05
4.7206878662109375e-05
5.364418029785156e-05
6.437301635742188e-05
6.508827209472656e-05
7.152557373046875e-05
6.246566772460938e-05
4.482269287109375e-05
4.744529724121094e-05
5.698204040527344e-05
6.67572021484375e-05
5.91278076171875e-05
6.556510925292969e-05
5.841255187988281e-05
6.461143493652344e-05
4.9114227294921875e-05
6.365776062011719e-05
6.29425048828125e-05
6.151199340820312e-05
4.696846008300781e-05
4.57763671875e-05
4.8160552978515625e-05
6.270408630371094e-05
4.172325134277344e-05
5.030632019042969e-05
5.841255187988281e-05
6.151199340820312e-05
5.53131103515625e-05
4.6253204345703125e-05
5.364418029785156e-05
4.7206878662109375e-05
6.914138793945312e-05
5.364418029785156e-05
5.53131103515625e-05
4.220008850097656e-05
5.626678466796875e-05
5.817413330078125e-05
10000
0.0003390312194824219
0.0002930164337158203
0.00019741058349609375
0.0002276897430419922
4.410743713378906e-05
0.0001976490020751953
4.601478576660156e-05
0.0001246929168701172
0.00021004676818847656
0.00023221969604492188
0.00014638900756835938
0.0002319812774658203
6.628036499023438e-05
4.482269287109375e-05
7.557868957519531e-05
0.00016450881958007812
0.00022935867309570312
0.0002491474151611328
0.0002148151397705078
9.465217590332031e-05
0.0002856254577636719
0.00023746490478515625
0.0002300739288330078
0.00011777877807617188
0.00012874603271484375
5.626678466796875e-05
0.00019073486328125
0.00025463104248046875
9.584426879882812e-05
0.00010275840759277344
0.00018715858459472656
0.0002200603485107422
9.870529174804688e-05
0.00025916099548339844
0.00023651123046875
0.00023031234741210938
0.0001533031463623047
0.00023508071899414062
0.00028514862060546875
0.0002498626708984375
5.269050598144531e-05
0.0001723766326904297
0.00013065338134765625
0.00021195411682128906
0.00011992454528808594
4.887580871582031e-05
0.00012874603271484375
0.00023412704467773438
0.00011420249938964844
0.00010204315185546875
0.00013875961303710938
0.00016927719116210938
0.0002837181091308594
0.0002574920654296875
9.72747802734375e-05
9.083747863769531e-05
0.00017523765563964844
5.841255187988281e-05
0.00020051002502441406
4.76837158203125e-05
0.00014257431030273438
0.00015878677368164062
6.246566772460938e-05
0.0001933574676513672
0.00017881393432617188
0.0002307891845703125
0.00019049644470214844
0.0002684593200683594
0.0002796649932861328
6.914138793945312e-05
5.364418029785156e-05
4.696846008300781e-05
0.0001347064971923828
0.00021505355834960938
0.00015664100646972656
0.00025463104248046875
0.00011420249938964844
0.00015211105346679688
0.00020599365234375
7.033348083496094e-05
0.00010013580322265625
0.00026607513427734375
0.0001518726348876953
6.985664367675781e-05
0.00022339820861816406
0.0001609325408935547
0.0003192424774169922
0.0001761913299560547
6.437301635742188e-05
0.00018095970153808594
0.00011587142944335938
0.0002963542938232422
0.00023126602172851562
5.030632019042969e-05
0.0002758502960205078
0.00015974044799804688
9.846687316894531e-05
0.000232696533203125
0.00010609626770019531
0.00022125244140625
100000
0.0030279159545898438
0.001462697982788086
0.0009987354278564453
6.29425048828125e-05
0.0006105899810791016
0.0009112358093261719
0.0002391338348388672
0.0017516613006591797
0.0021364688873291016
0.00031280517578125
0.00021457672119140625
0.0007560253143310547
0.0005316734313964844
0.0015990734100341797
0.0023822784423828125
0.0005161762237548828
0.0010590553283691406
0.0012216567993164062
0.0018362998962402344
0.0012598037719726562
0.0012371540069580078
0.0016360282897949219
0.0013194084167480469
0.0004248619079589844
0.0004971027374267578
0.0012252330780029297
0.002328634262084961
0.0029320716857910156
0.0026254653930664062
0.0033042430877685547
0.002198457717895508
0.0035212039947509766
0.0016696453094482422
0.0027494430541992188
0.0002644062042236328
0.0025954246520996094
0.0008432865142822266
0.0012357234954833984
0.00028252601623535156
0.0016674995422363281
0.000858306884765625
0.0020470619201660156
0.0022215843200683594
0.00014019012451171875
0.0021233558654785156
0.003220796585083008
0.0008614063262939453
0.00016450881958007812
0.0026731491088867188
0.0007600784301757812
0.0016181468963623047
0.0032694339752197266
0.004568338394165039
0.0009853839874267578
0.0025234222412109375
0.0013201236724853516
0.0001697540283203125
0.003232240676879883
0.0002906322479248047
0.0030562877655029297
0.0012812614440917969
0.002185821533203125
0.0009119510650634766
0.0024738311767578125
0.0002434253692626953
0.0031731128692626953
0.003960847854614258
0.003088235855102539
0.0022192001342773438
0.003232240676879883
0.0008223056793212891
0.0014247894287109375
0.00189208984375
0.001134634017944336
0.0021238327026367188
0.0020759105682373047
0.0023992061614990234
0.0017943382263183594
0.0023021697998046875
0.001996755599975586
0.0021588802337646484
0.0020999908447265625
0.0007641315460205078
0.0019268989562988281
0.002301931381225586
0.0011692047119140625
9.512901306152344e-05
0.00017523765563964844
0.0007185935974121094
0.000995635986328125
0.00019049644470214844
0.002560853958129883
0.0001323223114013672
0.0009043216705322266
0.0011894702911376953
0.0013153553009033203
0.0014858245849609375
0.0006024837493896484
0.0006983280181884766
0.0025963783264160156
