1000
4.410743713378906e-05
4.0531158447265625e-05
3.5762786865234375e-05
3.6716461181640625e-05
3.4809112548828125e-05
3.504753112792969e-05
3.457069396972656e-05
3.504753112792969e-05
3.528594970703125e-05
3.504753112792969e-05
7.653236389160156e-05
3.504753112792969e-05
4.935264587402344e-05
4.839897155761719e-05
3.4809112548828125e-05
3.4809112548828125e-05
3.552436828613281e-05
3.504753112792969e-05
3.528594970703125e-05
3.504753112792969e-05
3.528594970703125e-05
3.600120544433594e-05
3.528594970703125e-05
3.504753112792969e-05
3.62396240234375e-05
3.600120544433594e-05
3.528594970703125e-05
3.528594970703125e-05
3.528594970703125e-05
3.528594970703125e-05
3.528594970703125e-05
3.62396240234375e-05
3.5762786865234375e-05
3.528594970703125e-05
6.246566772460938e-05
3.528594970703125e-05
3.504753112792969e-05
3.5762786865234375e-05
4.0531158447265625e-05
3.647804260253906e-05
3.528594970703125e-05
3.528594970703125e-05
3.5762786865234375e-05
3.552436828613281e-05
3.528594970703125e-05
3.7670135498046875e-05
3.7670135498046875e-05
3.552436828613281e-05
3.528594970703125e-05
3.552436828613281e-05
3.552436828613281e-05
3.4809112548828125e-05
3.647804260253906e-05
3.838539123535156e-05
3.600120544433594e-05
3.552436828613281e-05
3.528594970703125e-05
3.5762786865234375e-05
5.316734313964844e-05
4.935264587402344e-05
3.528594970703125e-05
3.62396240234375e-05
3.600120544433594e-05
3.552436828613281e-05
3.528594970703125e-05
3.600120544433594e-05
3.552436828613281e-05
2.956390380859375e-05
3.838539123535156e-05
3.719329833984375e-05
3.695487976074219e-05
3.552436828613281e-05
3.838539123535156e-05
3.5762786865234375e-05
3.528594970703125e-05
3.790855407714844e-05
3.600120544433594e-05
3.528594970703125e-05
3.552436828613281e-05
4.5299530029296875e-05
3.600120544433594e-05
3.600120544433594e-05
3.528594970703125e-05
4.5299530029296875e-05
3.647804260253906e-05
4.124641418457031e-05
3.600120544433594e-05
3.5762786865234375e-05
4.100799560546875e-05
3.647804260253906e-05
3.8623809814453125e-05
5.888938903808594e-05
3.647804260253906e-05
4.267692565917969e-05
3.719329833984375e-05
3.552436828613281e-05
4.1484832763671875e-05
3.886222839355469e-05
3.647804260253906e-05
4.172325134277344e-05
10000
0.0002810955047607422
0.0003516674041748047
0.0003535747528076172
0.0003228187561035156
0.0002868175506591797
0.00029206275939941406
0.00029015541076660156
0.0002868175506591797
0.0002925395965576172
0.00027561187744140625
0.0002713203430175781
0.0002741813659667969
0.0002574920654296875
0.0002613067626953125
0.0002841949462890625
0.00025582313537597656
0.0002522468566894531
0.00025653839111328125
0.0002522468566894531
0.0002541542053222656
0.0002524852752685547
0.0002529621124267578
0.0002570152282714844
0.0002574920654296875
0.00026702880859375
0.0002529621124267578
0.0002803802490234375
0.0002734661102294922
0.00025010108947753906
0.0002541542053222656
0.0002803802490234375
0.0002727508544921875
0.00027370452880859375
0.0002734661102294922
0.0002720355987548828
0.00027251243591308594
0.0002720355987548828
0.0002834796905517578
0.0002741813659667969
0.0002722740173339844
0.0002727508544921875
0.0002739429473876953
0.00027179718017578125
0.00027298927307128906
0.00027370452880859375
0.00027251243591308594
0.0002722740173339844
0.0002727508544921875
0.0002741813659667969
0.00027298927307128906
0.00027251243591308594
0.00027370452880859375
0.0002732276916503906
0.00027298927307128906
0.0002741813659667969
0.00040149688720703125
0.00041413307189941406
0.0004343986511230469
0.00031757354736328125
0.0003008842468261719
0.0003197193145751953
0.0003330707550048828
0.00027108192443847656
0.0002751350402832031
0.0002799034118652344
0.0003559589385986328
0.0002741813659667969
0.00027632713317871094
0.00027298927307128906
0.00027108192443847656
0.0002720355987548828
0.0002753734588623047
0.0002727508544921875
0.00027298927307128906
0.0002903938293457031
0.0002732276916503906
0.00027298927307128906
0.00027370452880859375
0.0002739429473876953
0.00027298927307128906
0.00028443336486816406
0.00027370452880859375
0.00027298927307128906
0.00033164024353027344
0.00030350685119628906
0.0002732276916503906
0.00027298927307128906
0.0003006458282470703
0.00028395652770996094
0.0002741813659667969
0.0002732276916503906
0.0002732276916503906
0.00027561187744140625
0.0002732276916503906
0.0002727508544921875
0.0003275871276855469
0.00027298927307128906
0.00028395652770996094
0.00027370452880859375
0.00030231475830078125
100000
0.010638713836669922
0.010644674301147461
0.010482072830200195
0.010649919509887695
0.010639429092407227
0.010573387145996094
0.011236906051635742
0.010973691940307617
0.0113525390625
0.010670185089111328
0.010717153549194336
0.010676860809326172
0.01045989990234375
0.010588884353637695
0.010738849639892578
0.010361671447753906
0.010448694229125977
0.010608673095703125
0.010579824447631836
0.010782957077026367
0.010515451431274414
0.010359764099121094
0.010716915130615234
0.010436296463012695
0.010196447372436523
0.010267257690429688
0.010461091995239258
0.010432243347167969
0.01035618782043457
0.010481119155883789
0.010337352752685547
0.010284900665283203
0.010354042053222656
0.01038360595703125
0.01069021224975586
0.010944366455078125
0.010477542877197266
0.010164022445678711
0.01054835319519043
0.01063227653503418
0.010377168655395508
0.010908842086791992
0.010357379913330078
0.010293722152709961
0.010448694229125977
0.010370016098022461
0.01019597053527832
0.01027059555053711
0.010305166244506836
0.010279655456542969
0.010252714157104492
0.010264396667480469
0.01047825813293457
0.011509895324707031
0.010877132415771484
0.01046133041381836
0.010253667831420898
0.01061868667602539
0.010523796081542969
0.010484933853149414
0.010391473770141602
0.010630607604980469
0.010454416275024414
0.01037907600402832
0.010422706604003906
0.010389328002929688
0.0103912353515625
0.01049184799194336
0.010501623153686523
0.010355710983276367
0.010487556457519531
0.010182857513427734
0.010199785232543945
0.010236024856567383
0.010364532470703125
0.01041412353515625
0.010364294052124023
0.010495424270629883
0.010430574417114258
0.01051187515258789
0.010507345199584961
0.010304450988769531
0.010660171508789062
0.010715246200561523
0.010354042053222656
0.010564804077148438
0.010504722595214844
0.010445356369018555
0.010924339294433594
0.010567665100097656
0.010364055633544922
0.010706901550292969
0.010704278945922852
0.010378837585449219
0.010640382766723633
0.011193037033081055
0.011387109756469727
0.012442588806152344
0.012721061706542969
0.010932683944702148
